7 7 25
1616975526
3.6e+006
-1 -1 573 570 -1 -1 -1 -1 -1 -1 -1 530 -1 -1 495 488 385 422 351 418 289 258 113 -1 -1 
574 571 590 -1 -1 -1 560 545 -1 531 528 519 496 489 386 423 352 417 290 421 254 419 110 259 112 
-1 588 575 572 569 546 557 532 559 520 497 492 529 494 487 384 387 350 255 288 257 260 107 114 109 
584 591 586 589 576 561 544 525 516 527 518 485 490 433 424 353 416 291 262 253 420 115 104 111 106 
587 -1 583 568 547 556 533 558 521 524 491 498 493 486 383 388 349 354 287 256 261 252 101 108 103 
-1 585 592 577 562 543 522 515 526 517 484 411 432 425 434 415 292 263 250 227 116 223 98 105 100 
-1 582 567 548 555 534 1 482 523 468 499 426 435 382 389 348 355 286 221 224 251 226 95 102 97 
-1 593 578 563 542 549 514 501 466 483 410 431 412 427 414 293 264 249 228 219 222 117 92 99 94 
579 566 581 554 535 540 481 2 469 500 467 436 381 390 347 356 285 220 265 212 225 174 89 96 91 
-1 -1 564 541 550 513 502 465 438 409 430 345 428 413 294 267 248 229 218 175 118 213 86 93 88 
565 580 553 536 539 480 511 470 3 378 437 380 391 346 357 284 209 266 211 214 173 140 83 90 85 
-1 537 478 551 512 503 464 439 408 393 344 429 282 295 268 247 230 217 192 141 176 119 80 87 82 
507 552 505 538 479 510 471 442 377 4 379 392 269 358 283 208 193 210 215 172 139 142 77 84 79 
-1 477 508 473 504 463 440 407 394 343 360 281 296 243 246 231 216 191 202 177 120 171 74 81 76 
-1 506 461 448 509 472 443 376 441 340 5 270 359 232 207 244 203 194 169 138 143 64 71 78 73 
476 -1 474 445 462 447 406 395 342 361 280 297 242 245 188 199 190 201 178 195 170 121 68 75 70 
-1 460 455 404 449 444 375 362 339 322 341 6 271 206 233 204 197 168 137 148 63 144 65 72 67 
456 475 458 373 446 405 396 323 310 279 298 241 164 187 198 189 200 179 196 145 122 147 52 69 48 
459 454 403 450 397 374 363 338 321 324 309 272 7 234 205 180 167 136 149 62 125 46 49 66 51 
-1 457 372 365 336 319 330 311 278 299 240 163 186 165 134 151 60 127 44 123 146 53 36 47 26 
453 402 451 398 331 364 337 320 325 308 273 300 235 8 181 166 135 150 61 126 45 124 27 50 37 
-1 371 366 335 318 329 312 277 304 239 162 185 156 133 158 59 152 43 128 33 54 35 38 25 28 
401 452 399 368 315 332 305 326 307 274 301 236 159 182 9 130 11 56 13 40 15 30 17 22 19 
370 367 334 317 328 313 276 303 238 161 184 155 132 157 58 153 42 129 32 55 34 39 20 29 24 
-1 400 369 314 333 316 327 306 275 302 237 160 183 154 131 10 57 12 41 14 31 16 23 18 21 
