7 7 25
624
0
55 6 53 60 57 8 69 66 83 10 121 86 103 12 149 88 101 14 137 90 99 16 133 92 97 
52 59 56 7 68 65 82 9 120 85 104 11 150 87 102 13 180 89 100 15 138 91 98 17 132 
5 54 61 58 73 70 67 84 105 122 151 162 125 160 183 148 127 136 211 144 129 134 139 96 93 
62 51 74 71 64 81 106 119 152 163 124 159 184 177 126 179 210 181 128 135 242 143 94 131 18 
75 4 63 80 107 72 153 164 123 158 185 176 161 190 209 182 147 212 247 236 145 130 243 140 95 
50 79 108 3 154 165 118 157 186 175 192 189 208 205 178 213 248 235 146 253 246 241 142 19 244 
109 76 49 166 117 156 1 174 193 188 207 204 191 214 249 234 283 252 259 322 237 254 245 240 141 
48 167 78 155 2 173 194 187 218 203 230 215 206 233 282 251 260 321 284 369 258 363 238 255 20 
77 110 169 172 195 116 219 202 229 216 263 232 281 250 261 320 285 388 323 362 367 370 257 364 239 
168 47 196 115 170 201 228 217 264 231 280 289 262 319 286 389 324 361 368 405 382 373 366 21 256 
111 114 171 200 227 220 265 274 279 290 277 318 287 390 325 360 387 404 421 384 371 458 381 374 365 
46 197 112 221 266 273 226 291 276 317 288 391 326 359 394 403 420 385 406 457 422 383 372 459 22 
113 222 199 272 225 292 275 316 355 278 327 358 393 402 419 386 407 456 463 424 485 460 495 380 375 
198 45 224 267 296 315 354 293 328 357 392 401 418 395 408 455 464 425 484 461 494 423 486 23 496 
223 268 297 314 271 294 329 356 353 400 417 396 409 454 465 426 483 462 493 500 487 520 497 376 379 
44 301 270 295 330 313 350 399 416 397 410 453 466 427 482 479 492 501 488 519 498 533 378 521 24 
269 298 331 312 349 336 415 352 411 452 467 428 481 478 491 502 489 518 499 532 537 522 559 534 377 
302 43 300 335 414 351 412 451 398 429 448 477 514 503 480 517 526 531 538 523 562 591 536 25 558 
299 332 311 348 337 432 445 430 449 468 513 504 541 516 527 490 539 524 563 590 595 560 605 592 535 
42 303 334 433 346 413 450 469 506 447 476 515 528 579 540 525 530 599 596 561 604 601 594 557 26 
333 310 347 338 435 444 431 446 475 512 505 578 545 542 529 598 581 564 589 600 609 606 603 622 593 
304 41 434 345 438 339 470 507 472 577 546 511 572 583 580 543 568 597 610 607 602 621 614 27 556 
309 344 307 340 443 436 441 474 547 510 573 584 575 544 569 582 611 588 565 616 613 608 623 620 625 
40 305 342 437 38 439 508 471 36 473 576 549 34 571 586 551 32 567 612 553 30 615 618 555 28 
343 308 39 306 341 442 37 440 509 548 35 574 585 550 33 570 587 552 31 566 617 554 29 624 619 
