8 8 25
624
1
59 56 7 52 115 68 111 50 113 126 131 48 129 174 171 46 193 176 185 44 235 178 183 42 251 
8 53 58 69 6 51 114 125 110 49 128 173 170 47 192 175 186 45 234 177 184 43 250 179 182 
57 60 55 116 67 120 109 112 127 132 135 130 191 172 187 194 233 206 203 236 249 266 181 252 41 
54 9 70 65 108 5 124 133 136 139 190 169 188 195 232 207 202 237 248 265 204 253 276 267 180 
61 64 117 72 121 66 119 140 163 134 137 196 231 208 201 238 247 264 205 254 275 286 269 40 277 
10 71 62 107 118 143 4 123 138 197 168 189 200 239 246 263 244 255 274 337 270 291 278 285 268 
63 104 73 144 3 122 141 162 167 164 199 240 209 230 243 256 273 336 271 296 289 338 287 292 39 
74 11 106 103 142 153 166 1 198 213 210 229 242 257 300 245 262 297 344 339 342 295 290 279 284 
105 102 145 152 149 2 161 212 165 228 241 258 301 318 261 298 387 272 335 404 345 288 341 38 293 
12 75 150 147 160 219 154 227 214 211 302 317 260 299 386 319 334 403 388 343 340 405 294 283 280 
101 146 159 218 151 148 215 220 303 316 259 330 385 320 333 402 389 424 443 406 415 346 281 350 37 
76 13 100 157 216 221 304 155 226 329 384 321 332 401 390 425 442 447 416 423 444 407 414 347 282 
99 158 217 222 305 156 225 328 315 322 331 400 391 426 441 448 457 460 445 476 417 420 349 36 351 
14 77 306 311 224 327 314 323 396 383 392 427 440 399 456 461 446 475 458 419 422 477 408 413 348 
307 98 223 326 313 310 395 382 393 428 439 398 455 462 449 474 459 488 531 478 539 418 421 352 35 
78 15 312 309 432 381 324 429 438 397 454 463 450 473 516 489 530 535 540 487 532 479 594 409 412 
93 308 97 380 325 430 437 394 453 464 451 472 515 490 529 536 541 588 533 538 595 610 411 34 353 
16 79 92 431 378 433 494 465 436 471 514 491 528 517 542 587 534 537 598 611 486 593 480 613 410 
91 94 379 96 495 466 435 470 493 452 525 518 543 562 527 566 599 604 589 596 609 612 615 354 33 
80 17 90 377 434 497 500 509 520 513 492 553 526 567 600 561 586 597 608 603 624 485 592 481 614 
89 370 95 496 467 508 469 498 501 524 519 544 563 558 565 584 605 602 623 590 607 616 625 32 355 
18 81 376 369 374 499 510 521 512 545 554 523 552 581 568 601 560 585 606 619 622 591 484 617 482 
371 88 373 84 505 468 507 502 549 522 551 546 557 564 559 580 583 620 571 360 577 618 575 356 31 
82 19 86 375 368 21 504 511 366 23 548 555 364 25 582 569 362 27 578 621 572 29 358 483 574 
87 372 83 20 85 506 367 22 503 550 365 24 547 556 363 26 579 570 361 28 359 576 573 30 357 
