6 6 25
1611556990
3.6e+006
-1 -1 575 584 -1 -1 567 550 -1 524 -1 -1 -1 -1 -1 -1 -1 440 -1 -1 -1 -1 357 -1 -1 
574 583 572 565 -1 -1 570 525 568 551 484 501 486 457 460 441 448 417 -1 361 356 359 272 265 268 
-1 564 585 576 571 566 549 552 523 502 487 458 461 -1 449 418 439 362 351 288 -1 266 269 358 271 
582 573 -1 563 554 521 526 569 504 483 500 485 456 459 442 447 416 419 290 355 360 273 264 267 166 
-1 562 577 -1 527 548 553 522 509 488 503 462 445 450 435 438 363 350 287 352 289 354 167 270 155 
-1 581 560 555 520 1 510 505 482 499 466 455 436 443 446 415 420 291 250 261 274 263 156 165 158 
561 578 545 528 547 506 497 508 489 430 463 444 451 434 437 364 349 286 275 254 353 168 159 154 161 
-1 559 580 519 556 511 2 481 498 467 454 465 412 365 414 421 292 249 260 251 262 253 162 157 164 
579 544 557 546 529 496 507 490 429 464 431 452 433 422 293 348 285 276 255 182 169 178 153 160 121 
558 -1 518 539 512 491 480 3 468 453 424 411 390 413 366 257 248 259 170 179 252 181 122 163 124 
543 -1 541 530 495 470 407 428 409 388 391 432 423 294 347 284 277 256 183 150 177 152 125 120 115 
-1 517 538 513 540 479 492 469 4 425 410 389 392 367 278 247 258 201 204 171 180 113 116 123 118 
-1 542 531 494 471 406 427 408 387 394 343 368 295 346 283 202 205 184 149 176 151 126 119 114 85 
516 537 514 533 478 493 396 383 426 5 296 393 344 279 246 185 200 203 172 127 112 129 86 117 78 
-1 532 403 472 405 384 337 386 395 342 369 280 241 282 345 206 173 148 175 130 95 76 79 84 81 
536 515 534 477 380 397 382 371 338 325 6 297 208 245 186 199 132 109 -1 111 128 87 82 77 50 
475 402 473 404 373 336 385 326 341 370 339 240 281 242 207 244 147 174 131 94 75 96 51 80 83 
-1 535 476 379 398 381 372 225 324 227 298 7 196 209 198 187 108 133 110 97 88 93 44 49 46 
401 474 399 374 335 322 327 228 299 340 239 210 189 144 243 146 99 72 91 74 63 52 47 30 43 
376 333 378 329 316 301 224 323 226 229 218 195 8 197 188 107 134 61 98 89 92 41 32 45 48 
-1 400 375 334 321 328 315 300 219 238 211 230 143 190 145 100 71 90 73 62 53 64 29 42 31 
332 377 330 317 308 223 302 215 234 217 194 139 104 9 106 135 60 67 54 65 40 33 26 21 28 
311 318 309 320 305 314 235 220 237 212 231 142 191 136 101 70 57 12 35 14 37 16 23 18 25 
-1 331 312 307 222 303 214 233 216 193 138 103 140 105 10 59 68 55 66 39 34 -1 20 27 22 
-1 310 319 304 313 306 221 236 213 232 141 192 137 102 69 56 11 58 13 36 15 38 17 24 19 
