10 14 25
1541436838
3.6e+006
-1 580 575 578 -1 -1 -1 -1 559 528 517 524 -1 500 503 -1 451 -1 -1 -1 -1 -1 353 -1 -1 
-1 -1 -1 567 574 577 560 529 518 525 520 527 504 471 452 421 502 389 450 357 352 355 268 261 264 
581 568 579 576 561 556 573 558 521 516 523 472 499 422 501 390 449 358 347 284 -1 262 265 354 267 
-1 -1 566 569 572 553 530 555 494 519 526 505 470 473 420 453 388 391 286 351 356 269 260 263 162 
585 582 571 562 565 550 557 552 515 522 495 498 455 446 423 448 359 346 283 348 285 350 163 266 151 
-1 563 584 -1 570 531 554 493 496 467 506 469 474 419 454 387 392 287 246 257 270 259 152 161 154 
583 -1 547 564 549 512 551 514 507 476 497 456 445 424 447 360 345 282 271 250 349 164 155 150 157 
-1 -1 -1 -1 532 509 492 511 466 443 468 475 418 361 386 393 288 245 256 247 258 249 158 153 160 
-1 546 533 548 535 464 513 508 477 416 457 444 425 394 289 344 281 272 251 178 165 174 149 156 117 
542 -1 536 489 -1 491 510 465 442 381 396 417 398 385 362 253 244 255 166 175 248 177 118 159 120 
545 -1 543 534 463 440 413 478 415 458 399 426 395 290 343 280 273 252 179 146 173 148 121 116 111 
-1 541 488 537 490 479 460 441 380 427 382 397 384 363 274 243 254 197 200 167 176 109 112 119 114 
-1 544 481 462 439 412 429 414 459 400 339 364 291 342 279 198 201 180 145 172 147 122 115 110 81 
540 487 538 483 480 461 402 379 428 1 292 383 340 275 242 181 196 199 168 123 108 125 82 113 74 
-1 482 409 438 411 432 333 430 401 338 365 276 237 278 341 202 169 144 171 126 91 72 75 80 77 
486 539 484 433 376 403 378 367 334 321 2 293 204 241 182 195 128 105 -1 107 124 83 78 73 46 
435 408 437 410 369 332 431 322 337 366 335 236 277 238 203 240 143 170 127 90 71 92 47 76 79 
-1 485 434 375 404 377 368 221 320 223 294 3 192 205 194 183 104 129 106 93 84 89 40 45 42 
407 436 405 370 331 318 323 224 295 336 235 206 185 140 239 142 95 68 87 70 59 48 43 26 39 
372 329 374 325 312 297 220 319 222 225 214 191 4 193 184 103 130 57 94 85 88 37 28 41 44 
-1 406 371 330 317 324 311 296 215 234 207 226 139 186 141 96 67 86 69 58 49 60 25 38 27 
328 373 326 313 304 219 298 211 230 213 190 135 100 5 102 131 56 63 50 61 36 29 22 17 24 
307 314 305 316 301 310 231 216 233 208 227 138 187 132 97 66 53 8 31 10 33 12 19 14 21 
-1 327 308 303 218 299 210 229 212 189 134 99 136 101 6 55 64 51 62 35 30 -1 16 23 18 
-1 306 315 300 309 302 217 232 209 228 137 188 133 98 65 52 7 54 9 32 11 34 13 20 15 
