8 8 15
224
2
43 50 7 54 41 52 37 64 39 78 35 84 97 80 33 
8 55 42 51 6 63 40 77 36 85 96 79 34 83 98 
49 44 57 62 53 74 65 38 89 76 87 102 99 32 81 
56 9 60 73 66 5 90 75 86 111 92 95 82 103 100 
45 48 67 58 61 72 119 112 91 88 123 110 101 94 31 
10 59 46 71 118 113 4 121 124 141 144 93 164 109 104 
47 68 117 114 3 120 125 140 147 122 197 142 145 30 165 
116 11 70 133 126 139 148 1 198 143 146 163 202 105 108 
69 132 115 138 149 2 199 184 161 196 201 212 107 166 29 
12 137 130 127 134 183 160 195 200 211 162 203 168 213 106 
131 128 135 150 159 190 181 208 185 204 215 210 223 28 167 
136 13 158 129 182 179 194 189 216 209 224 175 214 169 222 
19 16 151 156 191 154 207 180 205 186 217 220 225 172 27 
14 157 18 21 152 193 178 23 188 219 176 25 174 221 170 
17 20 15 192 155 22 153 206 177 24 187 218 171 26 173 
