4 0 25
625
2
139 48 151 142 1 50 153 162 3 52 159 204 5 54 257 244 7 56 247 70 9 58 13 62 11 
150 143 140 49 152 165 2 51 160 203 4 53 280 243 6 55 256 245 8 57 248 69 10 59 14 
47 138 149 168 141 154 161 202 163 158 309 242 205 270 279 258 267 252 255 246 71 82 61 12 63 
148 169 144 155 166 201 164 157 326 241 206 305 310 281 268 271 278 259 266 251 254 249 68 15 60 
137 46 167 198 195 156 209 240 207 350 325 308 269 304 277 282 265 272 253 260 83 72 81 64 67 
170 147 194 145 210 197 200 351 354 327 306 349 324 311 300 303 276 283 264 273 250 261 66 73 16 
45 136 171 196 199 216 239 208 373 352 355 328 307 348 323 312 299 302 275 284 263 84 75 80 65 
172 193 146 213 178 211 374 353 356 369 378 347 358 329 344 301 322 313 298 315 274 285 262 17 74 
135 44 177 192 215 238 217 372 471 376 357 368 379 346 359 330 343 340 321 286 297 316 85 76 79 
176 173 214 179 212 191 470 375 370 487 472 377 392 367 342 345 360 331 314 339 320 287 78 289 18 
43 134 175 190 237 218 371 486 469 480 393 488 473 380 391 366 341 382 361 332 317 296 319 86 77 
174 189 180 219 186 485 468 481 526 501 498 479 394 489 474 381 390 365 338 383 362 333 288 19 290 
133 42 187 236 221 482 549 502 499 504 527 522 497 478 395 490 475 384 389 364 337 318 295 334 87 
188 181 220 185 550 467 484 553 548 525 500 505 528 521 496 477 396 491 428 385 388 363 336 291 20 
41 132 235 222 483 580 551 566 503 554 547 536 523 506 529 518 495 476 397 492 429 294 387 88 335 
182 223 184 583 466 567 570 579 552 565 524 555 546 535 520 507 530 517 494 427 386 399 430 21 292 
131 40 225 234 581 584 597 568 571 578 575 564 537 556 545 532 519 438 509 398 493 432 293 400 89 
224 183 582 465 596 569 588 585 602 593 572 577 574 563 534 539 508 531 516 439 426 435 402 431 22 
39 130 233 226 587 598 603 594 589 576 609 592 561 538 557 544 533 512 437 510 433 440 425 90 401 
120 227 128 599 464 595 586 601 608 605 590 573 610 613 562 513 540 515 442 449 436 403 434 23 420 
129 38 121 232 229 600 607 604 461 620 615 612 591 560 543 558 447 450 511 416 441 424 419 404 91 
110 119 228 127 122 463 230 619 606 617 460 623 614 611 452 541 514 443 448 423 418 415 98 421 24 
37 114 111 118 231 126 123 462 459 624 621 616 453 542 559 446 451 410 417 414 99 422 405 92 95 
112 109 116 35 124 107 458 33 618 105 456 31 622 103 454 29 444 101 412 27 408 97 94 25 406 
115 36 113 108 117 34 125 106 457 32 625 104 455 30 445 102 411 28 409 100 413 26 407 96 93 
