10 14 15
224
0
85 44 47 12 87 80 49 14 99 76 51 16 55 74 53 
46 11 86 83 48 13 98 79 50 15 108 75 52 17 56 
43 84 45 88 97 102 81 112 107 100 77 58 109 54 73 
10 89 94 103 82 113 106 101 78 131 110 121 72 57 18 
93 42 91 114 105 96 117 144 111 120 71 132 59 122 125 
90 9 104 95 116 155 148 119 142 145 130 127 124 19 60 
41 92 115 154 149 118 143 178 147 128 141 70 133 126 123 
8 151 40 159 156 179 190 161 140 177 146 129 138 61 20 
39 158 153 150 215 160 197 180 191 162 139 170 69 134 137 
152 7 216 157 200 195 220 189 198 181 176 163 136 21 62 
207 38 201 212 219 214 199 196 183 192 169 68 171 164 135 
6 211 206 217 202 223 194 221 188 67 182 175 168 63 22 
37 208 35 224 213 218 203 30 193 184 187 64 25 172 165 
34 5 210 205 32 3 222 185 66 1 28 167 174 23 26 
209 36 33 4 225 204 31 2 29 186 65 24 27 166 173 
