4 0 25
624
0
3 182 51 180 1 202 49 208 219 204 47 206 231 422 45 470 543 466 43 468 587 594 41 602 585 
52 179 2 187 50 209 218 203 48 207 230 421 46 471 512 465 44 469 562 593 42 603 586 595 40 
183 4 181 210 201 186 213 220 229 328 205 232 423 464 473 542 549 544 467 588 591 596 609 584 601 
178 53 188 185 212 217 224 235 222 233 420 327 472 511 484 513 486 561 592 563 606 589 604 39 608 
5 184 211 200 225 214 221 228 329 326 347 424 463 474 487 548 541 550 545 590 597 610 607 600 583 
54 177 166 189 216 227 236 223 234 375 344 419 348 483 510 485 514 547 560 611 564 605 598 619 38 
165 6 191 226 199 240 215 330 325 346 349 374 425 462 475 488 551 540 565 546 613 620 617 582 599 
148 55 176 167 190 237 272 241 354 343 376 345 418 373 482 509 538 515 612 559 616 573 624 37 618 
7 164 149 192 239 198 243 324 331 350 355 352 393 426 461 476 489 552 539 566 623 614 621 574 581 
56 147 124 175 168 271 238 273 242 353 342 377 372 417 394 481 508 537 516 615 558 579 572 625 36 
123 8 163 150 193 244 197 308 323 332 351 356 395 392 427 460 477 490 553 536 567 622 575 580 571 
128 57 146 125 174 169 270 245 274 309 358 341 378 371 416 413 480 507 478 517 578 557 570 35 576 
9 122 127 162 151 194 247 196 307 322 333 320 357 396 391 428 459 414 491 554 535 568 577 556 527 
58 129 92 145 126 173 170 269 246 275 310 359 340 379 370 415 412 479 506 533 518 555 526 569 34 
93 10 121 134 161 152 195 248 171 306 321 334 319 368 397 390 429 458 441 492 505 534 531 528 525 
108 59 130 91 144 135 172 159 268 299 276 311 360 339 380 369 440 411 494 503 532 519 524 33 530 
11 94 109 120 133 160 153 142 249 278 305 300 335 318 367 398 389 430 457 442 493 504 529 520 523 
60 107 90 131 114 143 136 251 158 267 298 277 312 361 338 381 366 439 410 495 502 521 454 499 32 
89 12 95 110 119 132 115 154 141 250 279 304 301 336 317 362 399 388 431 456 443 498 501 522 453 
74 61 106 87 104 113 118 137 252 157 266 297 286 313 302 337 382 365 438 409 496 455 444 31 500 
13 88 75 96 111 116 103 140 155 138 257 280 303 296 287 316 363 400 387 432 437 434 497 452 445 
62 73 86 105 76 97 112 117 102 253 156 265 258 285 314 295 288 383 364 401 408 451 446 435 30 
17 14 65 72 85 70 79 98 139 82 101 256 281 264 261 284 315 294 291 386 433 436 405 450 447 
66 63 16 19 68 77 84 21 80 99 254 23 262 259 282 25 292 289 384 27 402 407 448 29 404 
15 18 67 64 71 20 69 78 83 22 81 100 255 24 263 260 283 26 293 290 385 28 403 406 449 
