6 6 15
224
0
35 44 39 6 37 48 53 8 51 64 77 10 91 70 75 
40 5 36 47 54 7 50 63 80 9 90 69 76 11 92 
45 34 43 38 49 62 83 52 65 78 81 96 93 74 71 
4 41 46 57 84 55 66 79 82 89 68 121 72 95 12 
33 58 31 42 61 100 85 88 67 124 97 94 159 120 73 
30 3 60 101 56 1 140 125 98 87 162 155 122 13 160 
59 32 129 2 139 126 99 86 163 154 123 190 161 158 119 
26 29 102 127 130 141 138 153 150 189 164 187 156 191 14 
103 128 27 142 137 152 149 174 165 186 217 192 205 118 157 
28 25 134 131 148 173 166 151 216 193 188 219 222 15 204 
133 104 143 136 167 180 175 178 185 218 223 206 209 220 117 
24 135 132 147 172 177 184 215 194 207 210 221 224 203 16 
105 144 107 168 181 170 179 176 197 214 195 208 211 116 225 
108 23 146 171 110 21 198 183 112 19 200 213 114 17 202 
145 106 109 22 169 182 111 20 199 196 113 18 201 212 115 
