5 7 15
224
0
41 6 39 46 43 8 55 52 95 10 85 82 17 12 15 
38 45 42 7 54 51 94 9 86 83 98 11 14 81 18 
5 40 47 44 93 56 53 96 99 110 87 84 113 16 13 
48 37 60 57 50 91 100 109 88 97 112 117 80 19 114 
59 4 49 92 101 124 89 158 111 132 121 170 115 118 79 
36 61 58 125 90 157 108 131 122 169 116 133 120 171 20 
3 126 35 102 1 130 123 168 159 134 195 172 179 78 119 
62 103 2 129 156 107 160 135 196 173 178 183 200 21 180 
127 34 155 106 161 136 167 174 177 212 201 194 181 184 77 
104 63 128 137 164 175 162 211 202 197 182 213 186 199 22 
33 138 105 154 143 166 205 176 215 210 223 198 193 76 185 
64 145 142 165 150 163 216 209 224 203 214 187 222 23 72 
139 32 149 144 153 206 151 204 217 220 225 192 73 188 75 
146 65 30 141 148 67 28 219 208 69 26 221 190 71 24 
31 140 147 66 29 152 207 68 27 218 191 70 25 74 189 
