7 7 15
-1340509596
3.6e+006
-1 -1 181 -1 187 -1 171 174 159 156 -1 -1 99 -1 -1 
180 185 188 -1 172 175 160 157 140 119 -1 101 80 -1 76 
189 182 179 186 161 170 173 120 155 158 139 98 77 100 79 
184 -1 190 -1 176 153 162 141 118 121 102 81 70 75 72 
191 178 183 202 169 142 123 154 103 138 97 94 73 78 69 
200 203 192 177 152 163 136 117 122 95 82 67 32 71 74 
193 -1 201 168 143 124 1 104 137 62 93 96 41 68 -1 
-1 199 204 151 164 135 114 91 116 83 66 31 38 33 40 
-1 194 167 -1 125 144 105 2 61 92 63 42 35 20 37 
198 205 150 165 134 113 90 115 84 65 30 51 22 39 34 
195 166 197 126 145 106 85 60 3 52 43 64 19 36 21 
-1 149 110 133 112 89 56 27 44 29 50 23 16 11 18 
129 196 127 146 107 132 59 86 53 4 47 6 13 8 15 
148 109 130 111 88 55 26 57 28 45 24 49 10 17 12 
-1 128 147 108 131 58 87 54 25 48 5 46 7 14 9 
