8 8 15
-1379185083
3.6e+006
207 184 -1 198 187 200 -1 180 167 148 139 -1 141 -1 71 
-1 197 188 185 178 181 168 201 150 117 142 -1 72 -1 60 
189 206 183 196 199 186 179 166 147 138 149 140 61 70 63 
-1 -1 204 177 182 169 202 151 116 143 118 73 64 59 66 
205 190 195 -1 203 152 165 146 137 120 87 80 67 62 69 
-1 -1 176 -1 170 135 122 115 144 81 74 119 58 65 44 
191 194 -1 162 153 164 145 136 121 88 79 86 45 68 37 
-1 175 192 171 134 123 114 1 104 75 82 57 38 43 40 
193 132 161 154 163 126 105 76 89 78 85 46 41 36 33 
174 155 172 133 128 113 124 103 2 83 56 31 34 39 42 
131 160 129 156 125 106 127 90 77 54 47 84 17 32 35 
-1 173 110 97 112 91 102 93 48 3 30 55 14 9 16 
159 130 157 100 107 94 51 22 53 24 27 18 11 6 13 
-1 109 96 111 98 101 92 49 20 29 4 25 8 15 10 
-1 158 99 108 95 50 21 52 23 26 19 28 5 12 7 
