10 14 15
-1332534334
3.6e+006
201 -1 193 -1 203 -1 -1 168 161 140 -1 136 53 -1 -1 
194 197 202 183 192 169 162 171 134 137 -1 139 50 -1 52 
-1 200 -1 196 163 172 167 160 141 118 135 120 47 54 49 
198 195 184 191 182 143 170 133 166 121 138 55 44 51 46 
-1 -1 199 -1 173 164 159 142 117 102 119 98 41 48 43 
-1 185 190 181 144 115 132 165 122 99 56 101 38 45 40 
189 -1 187 174 -1 158 123 116 103 84 97 86 35 42 37 
186 175 180 145 114 131 104 95 106 87 100 57 32 39 34 
-1 188 155 176 157 124 107 88 83 96 85 66 29 36 31 
-1 179 146 113 130 81 94 105 64 67 58 69 22 33 12 
-1 154 177 156 125 108 89 82 59 70 65 28 13 30 23 
178 147 112 129 80 93 74 63 76 19 68 21 24 11 14 
153 -1 151 148 109 126 77 90 71 60 27 16 3 8 5 
150 111 128 79 92 73 62 75 18 1 20 25 6 15 10 
-1 152 149 110 127 78 91 72 61 26 17 2 9 4 7 
