7 7 15
224
0
47 6 45 42 49 8 69 64 61 10 75 84 17 12 15 
44 41 48 7 68 65 60 9 74 95 62 11 14 83 18 
5 46 43 50 59 70 67 104 63 76 85 96 93 16 13 
54 51 40 71 66 103 108 73 100 105 94 77 82 19 92 
39 4 53 58 109 72 101 106 131 86 99 128 97 78 81 
52 55 110 3 102 107 160 153 178 129 132 87 80 91 20 
35 38 57 112 159 154 1 130 161 152 177 98 127 88 79 
56 111 36 155 2 189 158 183 176 179 162 133 90 21 148 
37 34 113 212 157 200 185 190 165 182 151 180 149 126 89 
114 211 156 205 188 223 192 199 184 175 166 163 134 147 22 
33 206 215 224 213 204 201 186 191 164 181 150 167 136 125 
216 115 210 203 220 187 222 193 198 169 174 135 146 23 140 
207 32 219 214 225 202 197 170 173 194 143 168 139 124 137 
116 217 30 209 118 221 28 195 120 171 26 145 122 141 24 
31 208 117 218 29 196 119 172 27 144 121 142 25 138 123 
