5 7 15
-1382584505
3.60002e+006
-1 184 205 202 -1 210 -1 200 163 -1 -1 130 133 -1 79 
204 193 208 185 206 201 164 173 128 117 134 119 80 131 82 
183 -1 203 192 209 174 199 162 135 120 129 132 83 78 71 
194 191 186 207 198 165 172 127 116 91 118 93 72 81 74 
187 182 189 170 175 -1 161 136 121 94 101 84 75 70 77 
190 195 180 197 166 171 126 115 90 103 92 95 68 73 42 
181 188 169 176 1 160 137 122 125 100 85 102 43 76 69 
-1 179 196 167 138 123 114 89 104 65 96 67 36 41 38 
-1 168 177 156 159 2 105 124 99 86 55 44 39 22 35 
178 157 154 139 148 113 88 53 64 97 66 33 24 37 40 
-1 140 149 158 155 106 3 98 87 54 45 56 21 34 23 
-1 153 110 147 112 61 52 63 46 57 32 25 18 13 20 
143 -1 141 150 107 146 49 4 27 6 29 8 15 10 17 
152 109 144 111 60 51 62 47 58 31 26 -1 12 19 14 
-1 142 151 108 145 48 59 50 5 28 7 30 9 16 11 
