6 6 15
-1407151053
3.6e+006
-1 198 189 -1 183 194 187 168 185 152 -1 148 57 -1 -1 
190 -1 192 195 188 169 184 171 146 149 -1 151 54 -1 56 
199 202 197 182 193 172 167 186 153 140 147 142 51 58 53 
180 191 204 201 196 155 170 145 166 143 150 59 48 55 50 
203 200 181 178 173 164 137 154 139 102 141 98 45 52 47 
176 179 174 205 156 1 104 165 144 99 60 101 42 49 44 
207 -1 177 134 163 136 117 138 103 84 97 86 39 46 41 
-1 175 206 157 -1 105 2 95 118 87 100 61 36 43 38 
-1 208 133 162 135 116 119 88 83 96 85 70 33 40 35 
160 -1 158 -1 106 127 94 3 68 71 62 73 26 37 16 
209 132 161 128 115 120 89 82 63 74 69 32 17 34 27 
-1 159 124 107 126 93 78 67 4 23 72 25 28 15 18 
131 112 129 114 121 108 81 90 75 64 31 20 7 12 9 
-1 123 110 125 92 77 66 79 22 5 24 29 10 19 14 
111 130 113 122 109 80 91 76 65 30 21 6 13 8 11 
