5 7 25
624
1
57 6 55 52 59 8 69 66 89 10 91 94 109 12 151 112 125 14 139 114 123 16 135 116 121 
54 51 58 7 68 65 88 9 92 95 108 11 152 111 126 13 184 113 124 15 140 115 122 17 134 
5 56 53 60 75 70 67 96 107 90 93 110 127 190 183 150 129 138 197 146 131 136 141 120 117 
50 61 74 71 64 97 102 87 100 155 106 191 182 153 128 201 196 185 130 137 198 145 118 133 18 
73 4 63 76 103 86 99 156 105 192 181 154 189 202 195 186 149 250 199 244 147 132 281 142 119 
62 49 72 85 98 157 104 101 180 177 222 203 194 187 240 251 200 243 148 275 284 245 144 19 282 
3 84 77 158 1 166 179 176 221 204 193 188 239 252 237 242 249 274 285 246 277 316 283 280 143 
48 159 2 165 162 175 220 205 178 223 258 253 236 241 260 273 286 247 276 343 314 337 278 317 20 
83 78 161 174 167 164 211 224 257 254 235 262 259 238 287 248 361 344 313 380 339 342 315 336 279 
160 47 168 163 210 173 206 219 234 263 256 269 288 261 272 345 312 379 360 341 416 381 338 21 318 
79 82 209 172 207 212 225 264 255 268 289 308 271 346 311 378 359 362 421 414 385 340 417 382 335 
46 169 80 213 226 265 218 233 290 307 270 347 310 377 358 363 422 413 386 419 436 415 384 319 22 
81 214 171 208 217 232 291 306 267 348 309 376 357 364 423 412 387 420 469 434 443 418 437 334 383 
170 45 216 227 292 305 266 349 368 375 356 365 424 411 388 447 468 433 444 487 470 435 442 23 320 
215 228 293 304 231 350 369 374 355 366 425 410 389 448 467 432 445 486 491 478 441 488 471 438 333 
44 303 230 351 300 373 354 367 426 409 390 449 466 431 446 485 568 479 508 489 494 477 440 321 24 
229 294 301 372 353 370 427 408 391 450 465 430 463 484 569 480 563 490 577 492 507 472 495 332 439 
302 43 352 299 394 407 392 451 538 429 462 483 570 481 562 581 576 567 564 509 578 493 476 25 322 
295 298 395 406 371 452 537 428 461 534 539 464 561 582 575 592 565 606 579 594 475 506 473 496 331 
42 401 296 453 404 393 460 535 540 553 560 571 482 591 586 605 580 593 566 607 510 595 498 323 26 
297 396 405 402 459 536 519 552 533 572 543 558 583 574 589 598 603 608 623 596 615 474 505 330 497 
400 41 454 525 520 403 532 541 544 559 554 573 590 585 604 587 620 597 614 511 624 499 616 27 324 
397 522 399 458 529 526 545 518 551 542 549 584 557 588 599 602 609 612 619 622 617 504 327 500 329 
40 455 524 521 38 457 528 531 36 547 516 555 34 601 514 611 32 621 512 613 30 625 502 325 28 
523 398 39 456 527 530 37 546 517 550 35 548 515 556 33 600 513 610 31 618 503 326 29 328 501 
