6 6 25
624
0
99 56 59 6 97 104 61 8 91 86 63 10 79 72 65 12 77 70 67 14 163 186 21 16 19 
58 5 98 103 60 7 96 121 62 9 92 85 64 11 78 71 66 13 162 185 68 15 18 187 22 
55 100 57 108 105 120 131 126 95 90 87 80 93 84 73 76 161 184 69 164 225 188 215 20 17 
4 107 102 119 130 125 122 139 132 135 94 83 88 81 160 183 74 165 226 189 214 219 224 23 216 
101 54 109 106 123 146 129 134 127 138 89 136 159 182 75 166 229 190 213 246 227 272 217 220 223 
110 3 118 147 142 1 124 155 140 133 158 181 82 167 230 191 212 245 228 271 218 291 222 273 24 
53 148 111 2 145 154 141 128 157 180 137 168 231 192 211 244 241 270 247 290 295 274 323 292 221 
112 117 150 153 172 143 156 179 196 169 232 193 210 243 240 269 248 289 296 275 326 321 294 25 324 
149 52 173 144 151 178 197 170 233 194 209 252 239 268 249 242 297 276 327 320 409 432 325 322 293 
116 113 152 177 198 171 234 195 208 253 238 267 250 285 298 277 288 319 408 431 328 417 410 453 26 
51 174 115 202 235 200 207 254 237 266 251 284 299 278 287 318 407 430 329 418 433 452 491 416 411 
114 203 176 199 206 255 236 265 262 283 300 279 286 317 406 429 330 421 434 451 490 419 454 27 492 
175 50 205 256 201 264 261 282 301 280 333 316 405 428 331 422 435 450 489 420 455 500 493 412 415 
204 257 304 337 260 313 302 263 334 315 404 427 332 423 436 449 488 447 456 499 494 531 414 501 28 
49 338 259 312 303 346 335 314 281 426 349 424 437 460 487 446 457 498 495 530 505 502 547 532 413 
258 305 340 345 336 311 354 351 348 403 438 461 486 445 458 497 448 529 506 503 546 569 534 29 548 
339 48 343 310 355 352 347 402 439 350 425 444 459 510 485 528 507 496 545 568 535 504 549 570 533 
306 309 356 341 344 393 440 353 472 443 462 511 484 527 508 525 544 567 536 607 578 571 574 613 30 
47 342 307 376 369 374 401 442 463 476 483 474 509 524 539 566 537 596 579 572 609 612 577 550 575 
308 357 370 373 394 441 392 471 400 473 512 481 540 515 526 543 580 565 608 617 606 573 610 31 614 
371 46 377 368 375 390 399 464 477 482 475 514 523 542 581 538 597 592 595 588 611 618 615 576 551 
358 367 372 381 398 395 478 391 470 513 480 541 516 561 522 591 594 589 564 619 616 605 552 621 32 
45 364 361 378 389 380 465 396 479 386 469 518 521 582 559 584 563 598 593 600 587 620 623 604 553 
362 359 366 43 382 397 388 41 384 467 520 39 560 517 562 37 590 557 586 35 624 555 602 33 622 
365 44 363 360 379 42 383 466 387 40 385 468 519 38 583 558 585 36 599 556 601 34 625 554 603 
