5 7 25
1729709539
3.6e+006
-1 582 -1 578 565 -1 569 560 567 -1 -1 524 -1 -1 463 -1 407 -1 319 -1 -1 388 115 -1 -1 
576 589 580 583 570 561 566 563 542 525 544 527 -1 459 408 383 464 -1 390 387 320 291 112 -1 114 
581 584 577 -1 579 564 559 568 545 528 523 460 493 462 465 406 -1 318 321 292 389 282 109 116 111 
588 575 590 557 -1 571 562 541 520 543 526 495 458 467 382 409 384 391 386 283 290 117 106 113 108 
585 592 587 572 539 558 -1 546 529 522 519 492 461 494 405 466 317 322 293 288 281 236 103 110 105 
574 -1 556 591 548 515 540 521 490 455 496 457 468 381 410 323 392 385 284 237 118 289 100 107 102 
-1 586 573 538 1 488 547 530 497 518 491 402 411 404 393 316 285 294 287 280 235 212 97 104 99 
-1 555 512 549 514 531 516 489 454 419 456 469 380 395 324 295 278 245 258 213 238 119 94 101 96 
-1 -1 537 554 487 2 437 498 517 470 401 418 403 412 315 394 259 286 279 234 211 214 91 98 93 
552 511 550 513 532 499 472 453 436 377 420 379 396 325 296 277 244 257 246 239 120 233 88 95 90 
-1 536 553 486 507 438 3 422 471 400 417 326 413 314 255 260 247 240 231 210 215 142 85 92 87 
510 551 508 533 500 473 452 435 376 421 378 397 274 297 276 243 256 227 216 143 232 121 82 89 84 
535 504 485 506 439 476 423 4 399 416 327 414 313 254 261 248 241 230 209 192 141 144 79 86 81 
-1 509 534 501 474 451 434 375 328 311 398 273 298 275 242 207 226 217 228 189 122 191 76 83 78 
503 484 505 440 477 424 475 372 5 300 415 312 253 262 249 218 229 208 193 140 145 66 73 80 75 
-1 479 502 431 450 433 374 425 310 329 272 299 204 223 206 225 194 219 188 165 190 123 70 77 72 
483 448 481 478 441 426 371 354 373 6 301 252 263 250 221 186 163 166 139 150 65 146 67 74 69 
480 443 430 449 432 355 342 309 330 271 182 203 222 205 224 195 220 187 164 147 124 149 54 71 50 
447 482 445 442 427 370 353 356 341 302 7 264 251 196 185 162 167 138 151 64 127 48 51 68 53 
444 429 368 351 362 343 308 331 270 181 202 183 160 169 136 153 62 129 46 125 148 55 38 49 28 
-1 446 363 428 369 352 357 340 303 332 265 8 197 184 161 168 137 152 63 128 47 126 29 52 39 
-1 367 350 361 344 307 336 269 180 201 174 159 176 135 170 61 154 45 130 35 56 37 40 27 30 
-1 -1 347 364 337 358 339 304 333 266 177 198 9 156 11 132 13 58 15 42 17 32 19 24 21 
366 349 360 345 306 335 268 179 200 173 158 175 134 171 60 155 44 131 34 57 36 41 22 31 26 
-1 346 365 348 359 338 305 334 267 178 199 172 157 10 133 12 59 14 43 16 33 18 25 20 23 
