10 14 25
624
1
107 64 67 14 105 112 69 16 99 94 71 18 87 80 73 20 85 78 75 22 173 190 29 24 27 
66 13 106 111 68 15 104 129 70 17 100 93 72 19 86 79 74 21 172 189 76 23 26 191 30 
63 108 65 116 113 128 135 138 103 98 95 88 101 92 81 84 171 188 77 174 201 192 223 28 25 
12 115 110 127 134 139 130 147 136 161 102 91 96 89 170 187 82 175 200 193 222 205 202 31 224 
109 62 117 114 131 146 137 160 149 166 97 178 169 186 83 176 199 194 221 206 255 262 225 344 203 
118 11 126 133 140 9 148 165 162 179 168 185 90 177 198 195 220 207 254 261 226 345 204 263 32 
61 142 119 10 145 132 159 150 167 164 181 210 197 184 219 208 253 260 227 256 307 264 359 346 343 
120 125 144 141 154 151 8 163 180 211 234 183 218 209 196 259 228 257 308 265 360 349 342 33 358 
143 60 155 152 7 158 215 212 235 182 217 232 249 268 229 252 311 266 361 306 341 368 357 350 347 
124 121 240 157 214 153 246 5 216 233 248 269 230 251 312 267 258 309 340 371 362 365 348 367 34 
59 156 123 238 245 6 213 236 247 270 231 250 313 320 303 310 339 394 305 364 369 372 377 356 351 
122 239 244 241 274 237 296 271 4 299 314 319 302 323 338 393 304 385 370 447 378 363 366 35 376 
243 58 275 284 295 272 3 298 315 318 301 324 337 392 321 386 395 446 451 384 373 448 379 352 355 
276 283 242 273 286 297 316 327 300 1 336 391 322 387 396 445 452 461 464 449 508 383 354 375 36 
57 288 285 294 291 328 333 2 317 390 325 388 397 444 453 460 467 450 507 462 465 374 527 380 353 
282 277 290 287 332 293 330 401 326 335 398 443 454 459 468 457 506 463 466 509 526 567 382 37 528 
289 56 405 292 329 402 407 334 399 442 389 482 469 456 505 556 559 510 525 570 591 562 529 566 381 
278 281 430 403 406 331 400 441 408 481 470 455 504 557 458 511 524 571 590 561 568 597 592 563 38 
55 404 279 426 429 440 409 480 471 478 503 542 483 512 555 558 585 560 569 596 615 602 565 530 593 
280 425 422 431 410 427 472 477 496 515 484 513 554 543 574 523 572 589 616 601 598 595 614 39 564 
423 54 411 428 439 476 495 486 479 502 541 520 545 522 553 586 579 584 599 608 617 620 603 594 531 
412 421 424 475 432 473 438 497 516 485 514 501 540 575 544 573 552 609 588 619 600 613 532 621 40 
53 418 415 434 437 494 487 492 489 500 519 546 521 548 551 578 587 580 583 612 607 618 623 604 533 
416 413 420 51 474 433 436 49 498 517 490 47 550 539 576 45 582 537 610 43 624 535 606 41 622 
419 52 417 414 435 50 493 488 491 48 499 518 547 46 549 538 577 44 581 536 611 42 625 534 605 
