8 8 25
1570037955
3.6e+006
573 596 581 576 -1 -1 -1 554 559 -1 -1 528 517 -1 477 448 -1 348 -1 382 -1 -1 111 -1 -1 
582 577 574 591 -1 555 560 557 552 529 524 479 472 449 518 349 476 383 380 311 -1 283 108 -1 110 
595 572 597 580 575 592 553 530 525 558 527 516 519 478 447 384 347 312 281 284 381 232 105 112 107 
578 583 590 593 598 561 556 551 514 523 480 471 450 473 374 475 350 379 310 233 282 113 102 109 104 
571 594 579 584 -1 540 531 542 469 526 515 520 375 446 385 346 313 280 285 238 231 234 99 106 101 
-1 585 570 589 562 543 550 513 522 481 470 451 386 373 474 351 378 309 314 235 114 237 96 103 98 
-1 588 563 548 539 532 541 468 441 452 521 422 445 376 345 336 279 286 239 230 181 222 93 100 95 
-1 569 586 533 544 549 512 1 482 423 370 387 372 337 352 377 308 315 220 223 236 115 90 97 92 
587 564 547 538 499 484 467 440 453 442 421 444 353 344 335 278 287 240 229 180 221 182 87 94 89 
568 -1 566 545 534 511 498 483 2 369 424 371 388 305 338 307 316 219 224 183 116 155 84 91 86 
565 546 537 500 485 466 439 454 425 420 443 354 343 334 277 288 241 228 179 156 161 158 81 88 83 
-1 567 508 535 510 497 418 403 368 3 332 389 304 339 306 317 218 225 184 159 154 117 78 85 80 
-1 536 501 486 465 438 455 426 419 390 355 342 333 276 289 242 227 178 191 162 157 160 75 82 77 
-1 507 494 509 496 417 402 367 404 331 4 303 340 215 318 217 192 185 226 153 118 139 72 79 74 
-1 502 487 464 437 456 427 406 391 356 341 320 275 290 243 186 177 190 163 140 135 62 69 76 71 
506 493 504 495 416 401 366 271 330 405 302 5 214 319 216 291 150 193 152 189 138 119 66 73 68 
503 488 463 436 457 428 407 392 357 272 321 274 293 244 205 176 187 164 141 134 61 136 63 70 65 
492 505 490 415 400 365 270 329 260 301 262 213 6 203 292 149 194 151 188 137 120 133 50 67 46 
489 462 435 458 429 408 393 358 263 322 273 294 245 206 175 204 165 142 131 60 123 44 47 64 49 
-1 491 414 399 364 269 328 259 300 261 212 253 202 7 148 195 58 125 42 121 132 51 34 45 24 
461 434 459 430 409 394 359 264 323 254 295 246 207 174 197 166 143 130 59 124 43 122 25 48 35 
-1 413 398 363 268 327 258 299 250 211 252 201 170 147 8 57 196 41 126 31 52 33 36 23 26 
433 460 431 410 395 360 265 324 255 296 247 208 173 198 167 144 129 54 11 38 13 28 15 20 17 
412 397 362 267 326 257 298 249 210 251 200 169 146 171 56 9 40 127 30 53 32 37 18 27 22 
-1 432 411 396 361 266 325 256 297 248 209 172 199 168 145 128 55 10 39 12 29 14 21 16 19 
